pmid
16944312
17096334
17123723
17167170
17167348
17186014
17237684
17241106
17244684
17258816
17270229
17274718
17276892
17291222
17293381
17304149
17340045
17345086
17391803
17395790
17402796
17430902
17433748
17460184
17483062
17484031
17499360
17502872
17511782
17535976
17541882
17547473
17548585
17562245
17582399
17589947
17592645
17593927
17599377
17618837
17620431
17626206
17631643
17634547
17659994
17668247
17688650
17697016
17701832
17726209
17805244
17875725
17893038
17894421
17897305
17898177
17906500
17938326
17940253
17945482
17967141
17976209
17989313
18026124
18037672
18042885
18058121
18071766
18077493
18155663
18164769
18165569
18198174
18202009
18202791
18205897
18208910
18220495
18230056
18234154
18297189
18299079
18300089
18303032
18322311
18337476
18341639
18342498
18347176
18348297
18371953
18381438
18389682
18395883
18398094
18426370
18434457
18445086
18452197
18470928
18479189
18497344
18508791
18512713
18524848
18533797
18544460
18560637
18573490
18586644
18591256
18602931
18609261
18610736
18630531
18640477
18676772
18697826
18708184
18713156
18713852
18790215
18804983
18846214
18923587
18927209
18930278
18953065
18975369
19024103
19026757
19029774
19033289
19035720
19039095
19047160
19056662
19092295
19092840
19092998
19094116
19096231
19097922
19098911
19098994
19099048
19100387
19100448
19101508
19101572
19104434
19104506
19105801
19105843
19106270
19106306
19107206
19107338
19110009
19110417
19110537
19110611
19111066
19114657
19115152
19117254
19135998
19366086
